0.0 91
0.0 88
0.0 82
0.0 91
0.0 90
0.0 96
0.0 81
0.0 90
0.0 94
0.0 71
0.0 93
0.0 88
0.0 92
0.0 93
0.0 77
0.0 86
0.0 89
0.0 94
0.0 94
0.0 81
0.0 93
0.0 94
0.0 95
1.0 99
1.0 96
1.0 94
1.0 99
1.0 61
1.0 0
1.0 96
1.0 94
1.0 97
1.0 68
1.0 87
1.0 94
1.0 76
1.0 98
1.0 51
1.0 87
1.0 0
1.0 0
1.0 91
1.0 98
1.0 82
1.0 96
1.0 0
2.0 90
2.0 0
2.0 76
2.0 49
2.0 98
2.0 59
2.0 95
2.0 56
2.0 51
2.0 55
2.0 48
2.0 92
2.0 42
2.0 47
2.0 53
2.0 97
2.0 95
2.0 74
2.0 53
2.0 98
2.0 53
2.0 82
2.0 90
3.0 45
3.0 45
3.0 98
3.0 50
3.0 97
3.0 98
3.0 99
3.0 50
3.0 0
3.0 49
3.0 56
3.0 92
3.0 47
3.0 56
3.0 96
3.0 51
3.0 58
3.0 0
3.0 96
3.0 57
3.0 98
3.0 59
3.0 96