1.0 87
1.0 87
1.0 88
1.0 77
1.0 42
1.0 55
1.0 50
1.0 63
1.0 85
1.0 0
1.0 82
1.0 49
1.0 87
1.0 68
1.0 43
1.0 68
1.0 78
1.0 93
1.0 75
3.0 48
3.0 49
3.0 48
3.0 50
3.0 49
3.0 49
3.0 48
3.0 48
3.0 45
3.0 47
3.0 48
3.0 47
3.0 48
3.0 48
3.0 50
3.0 48
3.0 48
3.0 48
3.0 48
2.0 0
2.0 0
2.0 45
2.0 0
2.0 44
2.0 0
2.0 0
2.0 0
2.0 43
2.0 46
2.0 0
2.0 0
2.0 0
2.0 0
2.0 0
2.0 39
2.0 43
2.0 46
2.0 0
0.0 87
0.0 86
0.0 87
0.0 88
0.0 86
0.0 87
0.0 87
0.0 87
0.0 87
0.0 88
0.0 85
0.0 88
0.0 85
0.0 86
0.0 87
0.0 89
0.0 88
0.0 85
0.0 89