0.0 95
0.0 91
0.0 94
0.0 82
0.0 85
0.0 79
0.0 96
0.0 93
0.0 92
0.0 91
0.0 95
0.0 92
0.0 84
0.0 97
0.0 88
0.0 91
0.0 91
0.0 82
0.0 95
0.0 89
0.0 95
0.0 94
0.0 85
1.0 93
1.0 93
1.0 97
1.0 97
1.0 96
1.0 72
1.0 81
1.0 96
1.0 76
1.0 98
1.0 91
1.0 0
1.0 65
1.0 97
1.0 95
1.0 93
1.0 90
1.0 89
1.0 96
1.0 98
1.0 96
1.0 99
1.0 97
2.0 86
2.0 88
2.0 96
2.0 85
2.0 0
2.0 72
2.0 96
2.0 98
2.0 89
2.0 96
2.0 63
2.0 51
2.0 0
2.0 95
2.0 66
2.0 92
2.0 96
2.0 98
2.0 97
2.0 64
2.0 63
2.0 0
2.0 97
3.0 98
3.0 72
3.0 97
3.0 96
3.0 95
3.0 62
3.0 98
3.0 71
3.0 96
3.0 64
3.0 96
3.0 72
3.0 95
3.0 76
3.0 94
3.0 98
3.0 95
3.0 69
3.0 95
3.0 96
3.0 98
3.0 98
3.0 75