1.0 92
1.0 91
1.0 58
1.0 82
1.0 87
1.0 84
1.0 93
1.0 50
1.0 46
1.0 0
1.0 92
1.0 71
1.0 40
1.0 95
1.0 80
1.0 54
1.0 92
1.0 60
1.0 65
3.0 48
3.0 48
3.0 48
3.0 49
3.0 48
3.0 48
3.0 46
3.0 48
3.0 48
3.0 48
3.0 47
3.0 48
3.0 48
3.0 48
3.0 48
3.0 47
3.0 0
3.0 48
3.0 48
2.0 45
2.0 0
2.0 45
2.0 46
2.0 0
2.0 39
2.0 44
2.0 0
2.0 0
2.0 41
2.0 44
2.0 47
2.0 0
2.0 0
2.0 46
2.0 40
2.0 41
2.0 46
2.0 47
0.0 87
0.0 87
0.0 89
0.0 89
0.0 87
0.0 86
0.0 89
0.0 89
0.0 90
0.0 86
0.0 89
0.0 89
0.0 87
0.0 89
0.0 86
0.0 89
0.0 87
0.0 89
0.0 86